function [mshape1,Pal1,Pal3] = Pall()
Q1='[.0 0.45 .74]';
Q2='[.85 0.33 .10]';
Q3='[.93 0.69 .13]';

Pal1(1,:)=  [89	188	206]/255;
Pal1(2,:)=  [0	115	189]/255;
Pal1(3,:)=  [217 83  25]/255;
Pal1(4,:)=  [225 122 0]/255;
Pal1(5,:)=  [255 215  0]/255;

Pal3(1,:)=  [254, 239, 229]/255;
Pal3(2,:)=  [0, 145, 110]/255;
Pal3(3,:)=  [0	115	189]/255;
Pal3(4,:)=  [217 83  25]/255;
Pal3(5,:)=  [255, 207, 0]/255;

mshape1(1)='^';
mshape1(2)='d';
mshape1(3)='v';
mshape1(4)='x';
mshape1(5)='o';
end